      Player  Minutes  CD  Captures  Grabs  Hold  Drops  Pops  Returns  Tags  Prevent  Pups  Pups Available  Block  Button  Support  Hold Against  K/D  Pup %  Score %  NDPops  NRTags  KF  Hold/Grab  Prevent/Return  Prevent/Hold Against  Long Holds  Flaccids  Handoffs  Good Handoffs  Captures off Handoffs  Quick Returns  Key Returns  Returns in Base  Flaccid %  Chain %  QR %  RIB %  CD/Min  Captures/Min  Grabs/Min  Hold/Min  Drops/Min  Pops/Min  Returns/Min  Tags/Min  Prevent/Min  Pups/Min
555555555555     23.3  -1         1     21   133     20    34       27    30      133     1              40    221      24       90           925 0.88   2.50     4.76      14       3   0       6.33            4.93                  0.14           1         6         3              1                      1              5            2                5      28.57    33.33 18.52  18.52   -0.04          0.04       0.90      5.71       0.86      1.46         1.16      1.29         5.71      0.04
        @pro      2.7  -3         0      3    30      3     4        0     0        6     0               2     15       0        6           106 0.00   0.00     0.00       1       0   0      10.00            0.00                  0.06           1         1         0              0                      0              0            0                0      33.33     0.00  0.00   0.00   -1.11          0.00       1.11     11.11       1.11      1.48         0.00      0.00         2.22      0.00
 \m\=^_^=/m/      5.9  -5         0      7    34      7     9        4     6       39     2              10     59       0       22           242 0.67  20.00     0.00       2       2   0       4.86            9.75                  0.16           0         3         1              1                      0              1            0                1      42.86   100.00 25.00  25.00   -0.85          0.00       1.19      5.76       1.19      1.53         0.68      1.02         6.61      0.34
       adawg     56.5  11         4     51   396     47    62       82    98      426    17              98    526      35      213          1968 1.58  17.35     7.84      15      16   0       7.76            5.20                  0.22           2         6         4              1                      1             27            5               31      11.76    25.00 32.93  37.80    0.19          0.07       0.90      7.01       0.83      1.10         1.45      1.73         7.54      0.30
     aeps002     29.5  -5         2     27   127     25    39       36    41      224     3              52    245      58      105          1212 1.05   5.77     7.41      14       5   0       4.70            6.22                  0.18           1        11         5              4                      0              5            1               10      40.74    80.00 13.89  27.78   -0.17          0.07       0.92      4.31       0.85      1.32         1.22      1.39         7.59      0.10
         AJ.     33.3  12         6     53   308     47    55       39    50      201    11              58    407      35      165          1030 0.91  18.97    11.32       8      11   0       5.81            5.15                  0.20           2        14        10              2                      0             14            1               19      26.42    20.00 35.90  48.72    0.36          0.18       1.59      9.25       1.41      1.65         1.17      1.50         6.04      0.33
  ANDYKANSAS     58.9   2        14     81   741     67    79       67    77      259    16             105    545      35      219          2342 0.97  15.24    17.28      12      10   0       9.15            3.87                  0.11          10        14         9              3                      1             18            1               20      17.28    33.33 26.87  29.85    0.03          0.24       1.38     12.58       1.14      1.34         1.14      1.31         4.40      0.27
     anti-re      8.0  -2         0     11    52     11    14        3     6       36     2              14    125       0       50           257 0.43  14.29     0.00       3       3   0       4.73           12.00                  0.14           0         3         0              0                      0              0            0                0      27.27     0.00  0.00   0.00   -0.25          0.00       1.38      6.50       1.38      1.75         0.38      0.75         4.50      0.25
  arksoldier     87.1 -19        13    115   644    102   131       57    83      287    22             156   1012      50      406          3275 0.63  14.10    11.30      29      26   0       5.60            5.04                  0.09           5        40        11              3                      0              8            3               15      34.78    27.27 14.04  26.32   -0.22          0.15       1.32      7.39       1.17      1.50         0.65      0.95         3.30      0.25
 B.I.G.money     16.7   2         0     24   206     24    30       17    19       66     3              30    166       0       66           653 0.63  10.00     0.00       6       2   0       8.58            3.88                  0.10           3         5         3              1                      0              5            1                5      20.83    33.33 29.41  29.41    0.12          0.00       1.44     12.34       1.44      1.80         1.02      1.14         3.95      0.18
    BallAnka     10.0   5         6     18   125     11    13        6     6       21     1              16     90       0       36           261 0.46   6.25    33.33       2       0   1       6.94            3.50                  0.08           1         3         1              0                      2              2            0                3      16.67     0.00 33.33  50.00    0.50          0.60       1.80     12.50       1.10      1.30         0.60      0.60         2.10      0.10
 BallsToYou.    151.3   9        36    239  2086    203   244      148   176      510    50             276   1585     105      637          5142 0.72  18.12    15.06      41      28   0       8.73            3.45                  0.10          29        62        19              6                      1             51            6               48      25.94    31.58 34.46  32.43    0.06          0.24       1.58     13.79       1.34      1.61         0.98      1.16         3.37      0.33
BarryBerkman      8.0  -1         0      4    60      4    10        9    11       56     3              14     43       5       17           357 1.10  21.43     0.00       6       2   0      15.00            6.22                  0.16           1         1         0              0                      0              2            0                1      25.00     0.00 22.22  11.11   -0.12          0.00       0.50      7.50       0.50      1.25         1.12      1.38         7.00      0.38
     Batman.     22.2   6         1     25   167     24    29       29    37      206     7              40    224      25       93           703 1.28  17.50     4.00       5       8   0       6.68            7.10                  0.29           1         8         3              0                      0             12            0               14      32.00     0.00 41.38  48.28    0.27          0.05       1.13      7.52       1.08      1.31         1.31      1.67         9.28      0.32
         bbb     66.3   0         9     50   279     39    58      106   130      968    18             116    535      88      227          1795 2.24  15.52    18.00      19      24   2       5.58            9.13                  0.54           1        11         6              2                      1             45            3               52      22.00    33.33 42.45  49.06    0.00          0.14       0.75      4.21       0.59      0.87         1.60      1.96        14.60      0.27
       Beach     37.7  -8         3     32   174     28    44       50    54      359     3              68    306      35      125          1398 1.23   4.41     9.38      16       4   1       5.44            7.18                  0.26           0        12         3              2                      0             22            2               22      37.50    66.67 44.00  44.00   -0.21          0.08       0.85      4.62       0.74      1.17         1.33      1.43         9.52      0.08
        beef     25.4   0         3     31   185     27    31       34    46      201     6              46    288      10      114           857 1.48  13.04     9.68       4      12   1       5.97            5.91                  0.23           1         8         4              1                      1              8            3                9      25.81    25.00 23.53  26.47    0.00          0.12       1.22      7.28       1.06      1.22         1.34      1.81         7.91      0.24
Better Mamba      8.4   1         0     12    74     12    12        4    10       64     4              16    112       0       44           290 0.83  25.00     0.00       0       6   0       6.17           16.00                  0.22           0         3         1              0                      0              1            0                0      25.00     0.00 25.00   0.00    0.12          0.00       1.43      8.81       1.43      1.43         0.48      1.19         7.62      0.48
        Boat    123.3  29        22    175  1115    153   196      176   216      962    38             218   1158      50      466          3792 1.10  17.43    12.57      43      40   0       6.37            5.47                  0.25           9        45        18              6                      4             61           10               69      25.71    33.33 34.66  39.20    0.24          0.18       1.42      9.04       1.24      1.59         1.43      1.75         7.80      0.31
   Bootymine     10.7   4         3     20   125     16    23       17    19       31     1              16    101      10       42           404 0.83   6.25    15.00       7       2   1       6.25            1.82                  0.08           1         3         3              3                      0              5            3                7      15.00   100.00 29.41  41.18    0.37          0.28       1.87     11.68       1.50      2.15         1.59      1.78         2.90      0.09
bort license      0.9   0         0      1     0      1     1        1     1        1     0               0     22       0        8            27 1.00   0.00     0.00       0       0   0       0.00            1.00                  0.04           0         1         0              0                      0              0            0                0     100.00     0.00  0.00   0.00    0.00          0.00       1.11      0.00       1.11      1.11         1.11      1.11         1.11      0.00
     broseph     29.0   6         5     32   291     26    34       27    40      235     7              50    326      18      131           866 1.18  14.00    15.62       8      13   1       9.09            8.70                  0.27           4         9         4              1                      1             15            2               15      28.12    25.00 55.56  55.56    0.21          0.17       1.10     10.03       0.90      1.17         0.93      1.38         8.10      0.24
     bubblez     47.6 -13         5     51   318     46    58       41    60      300    14              86    537     105      229          1723 1.03  16.28     9.80      12      19   0       6.24            7.32                  0.17           3        20         9              2                      1             14            3               17      39.22    22.22 34.15  41.46   -0.27          0.11       1.07      6.68       0.97      1.22         0.86      1.26         6.30      0.29
       CA$H.      8.0  -1         1      7    35      6     8        5     5       67     1              14    106       0       42           292 0.62   7.14    14.29       2       0   0       5.00           13.40                  0.23           0         2         1              1                      0              0            1                1      28.57   100.00  0.00  20.00   -0.12          0.12       0.88      4.38       0.75      1.00         0.62      0.62         8.38      0.12
   Champagne     41.3  -1         7     48   282     41    64       42    42      285     3              77    345      20      140          1266 0.66   3.90    14.58      23       0   0       5.88            6.79                  0.23           2        15         5              2                      0             12            0               17      31.25    40.00 28.57  40.48   -0.02          0.17       1.16      6.83       0.99      1.55         1.02      1.02         6.90      0.07
      Chritt     96.4   7        17    140   789    123   154      116   131      759    18             175   1105     110      458          2892 0.85  10.29    12.14      31      15   0       5.64            6.54                  0.26           5        46        16              4                      1             43            7               47      32.86    25.00 37.07  40.52    0.07          0.18       1.45      8.18       1.28      1.60         1.20      1.36         7.87      0.19
     Crasher      0.9   0         0      2    20      1     1        1     1        0     0               0      5       0        2            16 1.00   0.00     0.00       0       0   1      10.00            0.00                  0.00           0         0         0              0                      0              0            0                1       0.00     0.00  0.00 100.00    0.00          0.00       2.22     22.22       1.11      1.11         1.11      1.11         0.00      0.00
   CT Crunch     74.1   1        17    131   796    113   138       59    80      205    14             140    906      60      366          2711 0.58  10.00    12.98      25      21   1       6.08            3.47                  0.08           6        34         9              4                      1             16            2               19      25.95    44.44 27.12  32.20    0.01          0.23       1.77     10.74       1.52      1.86         0.80      1.08         2.77      0.19
       Curry    197.9   6        19    214  1058    194   258      329   358     2397    32             347   2031     180      834          5710 1.39   9.22     8.88      64      29   1       4.94            7.29                  0.42           4        68        25             14                      1            140           20              171      31.78    56.00 42.55  51.98    0.03          0.10       1.08      5.35       0.98      1.30         1.66      1.81        12.11      0.16
       D Rek     18.7  -9         2     22   226     20    24       27    28      105     3              34    210      10       84           626 1.17   8.82     9.09       4       1   0      10.27            3.89                  0.17           4         4         2              0                      0              7            2                8      18.18     0.00 25.93  29.63   -0.48          0.11       1.18     12.09       1.07      1.28         1.44      1.50         5.61      0.16
        d0pe     16.0  -1         1     17   125     16    23       22    25       79     3              28    151      15       63           488 1.09  10.71     5.88       7       3   0       7.35            3.59                  0.16           1         4         3              1                      0              6            3                8      23.53    33.33 27.27  36.36   -0.06          0.06       1.06      7.81       1.00      1.44         1.38      1.56         4.94      0.19
        DAD.     24.3  -1         1     22    96     21    26       30    40      308     3              42    231      20       94           630 1.54   7.14     4.55       5      10   0       4.36           10.27                  0.49           1         8         4              2                      0             16            1               16      36.36    50.00 53.33  53.33   -0.04          0.04       0.91      3.95       0.86      1.07         1.23      1.65        12.67      0.12
        danp    123.4   6        25    201  1182    176   210      146   189      558    39             216   1392      60      556          3576 0.90  18.06    12.44      34      43   0       5.88            3.82                  0.16          12        56        26             10                      5             46            8               50      27.86    38.46 31.51  34.25    0.05          0.20       1.63      9.58       1.43      1.70         1.18      1.53         4.52      0.32
Darth JarJar     20.5   1         2     31   264     29    35       25    29      154     3              37    203       0       80           791 0.83   8.11     6.45       6       4   0       8.52            6.16                  0.19           3         8         6              0                      0              6            0                7      25.81     0.00 24.00  28.00    0.05          0.10       1.51     12.88       1.41      1.71         1.22      1.41         7.51      0.15
    DEAD NAN     40.6   3         6     53   460     47    59       59    72      333    21              72    393      35      159          1548 1.22  29.17    11.32      12      13   0       8.68            5.64                  0.22           7        15         1              0                      1             24            7               25      28.30     0.00 40.68  42.37    0.07          0.15       1.31     11.33       1.16      1.45         1.45      1.77         8.20      0.52
        deku     59.2  -2         6     48   194     42    58       78    86      761    11             104    521      65      215          1717 1.48  10.58    12.50      16       8   0       4.04            9.76                  0.44           1        19         8              5                      0             35            0               38      39.58    62.50 44.87  48.72   -0.03          0.10       0.81      3.28       0.71      0.98         1.32      1.45        12.85      0.19
 Dont Pop Me      0.9   0         0      1     2      1     1        0     0       16     0               0     10       0        4            27 0.00   0.00     0.00       0       0   0       2.00            0.00                  0.59           0         0         0              0                      0              0            0                0       0.00     0.00  0.00   0.00    0.00          0.00       1.11      2.22       1.11      1.11         0.00      0.00        17.78      0.00
       Doris     24.0  -1         1     21    79     20    32       30    43      303     9              42    176      35       75           591 1.34  21.43     4.76      12      13   0       3.76           10.10                  0.51           0         8         3              1                      0             14            0               15      38.10    33.33 46.67  50.00   -0.04          0.04       0.88      3.29       0.83      1.33         1.25      1.79        12.62      0.38
DuckDuckJuke     11.5  -6         1     18    62     17    19       17    17       75     2              20    133      33       58           399 0.89  10.00     5.56       2       0   0       3.44            4.41                  0.19           0         7         1              0                      0              2            0                5      38.89     0.00 11.76  29.41   -0.52          0.09       1.57      5.39       1.48      1.65         1.48      1.48         6.52      0.17
   Duckquack      8.0   1         1     16    55     14    15       13    15       52     5              14    119      10       48           252 1.00  35.71     6.25       1       2   1       3.44            4.00                  0.21           0         5         3              2                      1              3            1                5      31.25    66.67 23.08  38.46    0.12          0.12       2.00      6.88       1.75      1.88         1.62      1.88         6.50      0.62
      EBITDA      0.4  -1         0      0     0      0     2        0     0        2     0               0      0       0        0            30 0.00   0.00     0.00       2       0   0       0.00            0.00                  0.07           0         0         0              0                      0              0            0                0       0.00     0.00  0.00   0.00   -2.50          0.00       0.00      0.00       0.00      5.00         0.00      0.00         5.00      0.00
    EpicBlob     14.2  -4         1     19    93     18    25       23    24      128     6              26    173      63       80           430 0.96  23.08     5.26       7       1   0       4.89            5.57                  0.30           2         5         5              2                      0             14            0               16      26.32    40.00 60.87  69.57   -0.28          0.07       1.34      6.55       1.27      1.76         1.62      1.69         9.01      0.42
   EvTheSmev     33.1   0         4     53   252     48    59       31    31      153     3              62    391      20      160          1226 0.53   4.84     7.55      11       0   1       4.75            4.94                  0.12           0        19         7              4                      0             10            2                9      35.85    57.14 32.26  29.03    0.00          0.12       1.60      7.61       1.45      1.78         0.94      0.94         4.62      0.09
     FFFlier     17.9  -1         1     15    74     14    22       24    24       60     0              28    174      10       70           828 1.09   0.00     6.67       8       0   0       4.93            2.50                  0.07           0         6         2              1                      0              8            1               10      40.00    50.00 33.33  41.67   -0.06          0.06       0.84      4.13       0.78      1.23         1.34      1.34         3.35      0.00
       fl33t     61.0  13         6     66   552     60    80       88   106      466     9             106    656      89      273          2149 1.32   8.49     9.09      20      18   0       8.36            5.30                  0.22           7        17        10              7                      0             30            7               35      25.76    70.00 34.09  39.77    0.21          0.10       1.08      9.05       0.98      1.31         1.44      1.74         7.64      0.15
Food 4 Thots      0.3  -1         0      0     0      0     0        0     0        1     0               0      0       0        0            47 0.00   0.00     0.00       0       0   0       0.00            0.00                  0.02           0         0         0              0                      0              0            0                0       0.00     0.00  0.00   0.00   -3.33          0.00       0.00      0.00       0.00      0.00         0.00      0.00         3.33      0.00
FreeFalastin     10.7  -4         1     16    73     15    17        6     9       89     6              18    101       0       40           299 0.53  33.33     6.25       2       3   0       4.56           14.83                  0.30           1         7         2              1                      0              1            0                1      43.75    50.00 16.67  16.67   -0.37          0.09       1.50      6.82       1.40      1.59         0.56      0.84         8.32      0.56
    G.O.A.T.     75.3  -5        19    142  1055    122   151       82    98      240    22             134    929     123      388          2868 0.65  16.42    13.38      29      16   1       7.43            2.93                  0.08          11        41        24             13                      2             22            2               27      28.87    54.17 26.83  32.93   -0.07          0.25       1.89     14.01       1.62      2.01         1.09      1.30         3.19      0.29
        Gavi     76.9   4        18    126  1337    104   114       75    98      200    32             139    744      60      306          3089 0.86  23.02    14.29      10      23   4      10.61            2.67                  0.06          22        19        10              2                      3             18            5               25      15.08    20.00 24.00  33.33    0.05          0.23       1.64     17.39       1.35      1.48         0.98      1.27         2.60      0.42
    gl hf :)     17.2  -5         3     21   158     18    32       22    28       88     4              30    178       5       69           635 0.88  13.33    14.29      14       6   0       7.52            4.00                  0.14           0         5         2              2                      0              5            2               10      23.81   100.00 22.73  45.45   -0.29          0.17       1.22      9.19       1.05      1.86         1.28      1.63         5.12      0.23
    glizzy23     52.8  -2         5     75   416     70    91       56    61      338     9              93    620      15      249          2077 0.67   9.68     6.67      21       5   0       5.55            6.04                  0.16           2        24        11              7                      2             19            2               23      32.00    63.64 33.93  41.07   -0.04          0.09       1.42      7.88       1.33      1.72         1.06      1.16         6.40      0.17
       Green     88.2  12         7     69   421     62    87      109   136      960    30             165    844      20      334          2804 1.56  18.18    10.14      25      27   0       6.10            8.81                  0.34           2        17        10              2                      1             40            3               42      24.64    20.00 36.70  38.53    0.14          0.08       0.78      4.77       0.70      0.99         1.24      1.54        10.88      0.34
   greenfish     26.9   4         5     45   220     38    47       35    38       66     2              46    279       5      111          1228 0.81   4.35    11.11       9       3   2       4.89            1.89                  0.05           0        13         7              3                      0              6            1                5      28.89    42.86 17.14  14.29    0.15          0.19       1.67      8.18       1.41      1.75         1.30      1.41         2.45      0.07
  HammerTime     88.3   4        14    120   692    105   132       75   104      696    18             159   1089      75      443          2885 0.79  11.32    11.67      27      29   1       5.77            9.28                  0.24           4        44        15              2                      0             29            3               33      36.67    13.33 38.67  44.00    0.05          0.16       1.36      7.84       1.19      1.49         0.85      1.18         7.88      0.20
    Haniball      0.9   0         0      1     0      0     0        0     0        0     0               0      0       0        0            23 0.00   0.00     0.00       0       0   1       0.00            0.00                  0.00           0         1         0              0                      0              0            0                0     100.00     0.00  0.00   0.00    0.00          0.00       1.11      0.00       0.00      0.00         0.00      0.00         0.00      0.00
       havok      4.6  -5         0      9    27      9    11        2     2        2     1               8     54       0       20           204 0.18  12.50     0.00       2       0   0       3.00            1.00                  0.01           0         5         3              1                      0              0            0                0      55.56    33.33  0.00   0.00   -1.09          0.00       1.96      5.87       1.96      2.39         0.43      0.43         0.43      0.22
HELEN KELLER     71.1   3        14    113   661     99   124       92   121      368    21             124    812      28      323          2207 0.98  16.94    12.39      25      29   0       5.85            4.00                  0.17           4        39        13              6                      2             21            4               30      34.51    46.15 22.83  32.61    0.04          0.20       1.59      9.30       1.39      1.74         1.29      1.70         5.18      0.30
Hellball2079     17.2  -7         0     26   192     25    30       16    17       10     2              28    185      20       78           647 0.57   7.14     0.00       5       1   1       7.38            0.62                  0.02           3         5         4              1                      0              1            0                1      19.23    25.00  6.25   6.25   -0.41          0.00       1.51     11.16       1.45      1.74         0.93      0.99         0.58      0.12
    heribo69     32.2   2         2     29   202     27    40       51    52      384     7              56    359       5      141          1102 1.30  12.50     6.90      13       1   0       6.97            7.53                  0.35           2         9         5              1                      0             21            3               23      31.03    20.00 41.18  45.10    0.06          0.06       0.90      6.27       0.84      1.24         1.58      1.61        11.93      0.22
       Homie      8.0   1         0      5    30      5     6       14    14      138     1              14     47       0       18           210 2.33   7.14     0.00       1       0   0       6.00            9.86                  0.66           0         2         1              0                      0              4            1                8      40.00     0.00 28.57  57.14    0.12          0.00       0.62      3.75       0.62      0.75         1.75      1.75        17.25      0.12
  I <3 Emacs      7.8  -4         1      7    16      6    10       10    13       35     0              14     71      30       34           328 1.30   0.00    14.29       4       3   0       2.29            3.50                  0.11           0         4         1              0                      0              3            1                4      57.14     0.00 30.00  40.00   -0.51          0.13       0.90      2.05       0.77      1.28         1.28      1.67         4.49      0.00
   I_mess_up     55.4   1         5     70   459     65    85       69    74      414     4              98    578     120      252          2027 0.87   4.08     7.14      20       5   0       6.56            6.00                  0.20           5        23        12              6                      0             17            1               21      32.86    50.00 24.64  30.43    0.02          0.09       1.26      8.29       1.17      1.53         1.25      1.34         7.47      0.07
   infinity.      0.9   0         0      1     7      1     1        2     2       21     0               0      5       0        2            16 2.00   0.00     0.00       0       0   0       7.00           10.50                  1.31           0         0         0              0                      0              1            0                2       0.00     0.00 50.00 100.00    0.00          0.00       1.11      7.78       1.11      1.11         2.22      2.22        23.33      0.00
       ipopu     16.9  -1         0     23   136     23    28       17    21      129     3              28    193      10       78           661 0.75  10.71     0.00       5       4   0       5.91            7.59                  0.20           2         7         4              1                      0              8            1               10      30.43    25.00 47.06  58.82   -0.06          0.00       1.36      8.05       1.36      1.66         1.01      1.24         7.63      0.18
       Irony     82.2  11        12    104   723     91   107       72    89      506    25             147    854      65      349          2762 0.83  17.01    11.54      16      17   1       6.95            7.03                  0.18           6        29         7              3                      1             22            5               25      27.88    42.86 30.56  34.72    0.13          0.15       1.27      8.80       1.11      1.30         0.88      1.08         6.16      0.30
Israel Lives      9.9   2         3     19   168     16    17        2     2       10     0              14     85       0       34           400 0.12   0.00    15.79       1       0   0       8.84            5.00                  0.02           2         0         0              0                      0              0            0                0       0.00     0.00  0.00   0.00    0.20          0.30       1.92     16.97       1.62      1.72         0.20      0.20         1.01      0.00
       jazzz     56.0  -3         5    100   454     94   109       58    68      220    16              98    774      20      308          1497 0.62  16.33     5.00      15      10   1       4.54            3.79                  0.15           2        37        21              5                      0             25            1               25      37.00    23.81 43.10  43.10   -0.05          0.09       1.79      8.11       1.68      1.95         1.04      1.21         3.93      0.29
 Jed Bartlet     23.6   9         2     30   135     28    36       37    44      206     7              42    264       0      104           826 1.22  16.67     6.67       8       7   0       4.50            5.57                  0.25           1        10         4              2                      0             15            4               21      33.33    50.00 40.54  56.76    0.38          0.08       1.27      5.72       1.19      1.53         1.57      1.86         8.73      0.30
   Jelly Rat     25.7  -7         1     27   114     25    30       24    26      180     4              44    254      28      105           938 0.87   9.09     3.70       5       2   1       4.22            7.50                  0.19           0         9         3              1                      0              7            4                8      33.33    33.33 29.17  33.33   -0.27          0.04       1.05      4.44       0.97      1.17         0.93      1.01         7.00      0.16
       Jer32     16.0  -4         3     26   157     23    27       14    18       64     6              28    159       5       63           471 0.67  21.43    11.54       4       4   0       6.04            4.57                  0.14           0         8         3              1                      0              3            0                6      30.77    33.33 21.43  42.86   -0.25          0.19       1.62      9.81       1.44      1.69         0.88      1.12         4.00      0.38
   josh61616     59.5   8        10     86   661     74    90       96   115      460    18             103    547      45      223          2093 1.28  17.48    11.63      16      19   2       7.69            4.79                  0.22           7        20         5              3                      0             24            6               29      23.26    60.00 25.00  30.21    0.13          0.17       1.45     11.11       1.24      1.51         1.61      1.93         7.73      0.30
        joy.     63.5 -13         4     64   375     60    76       68    85      665    13             112    570      50      230          1830 1.12  11.61     6.25      16      17   0       5.86            9.78                  0.36           3        17        11              3                      0             18            5               20      26.56    27.27 26.47  29.41   -0.20          0.06       1.01      5.91       0.94      1.20         1.07      1.34        10.47      0.20
JukeBerallta     13.7   6         3     15   105     12    14       18    21       34     3              26     94       5       37           563 1.50  11.54    20.00       2       3   0       7.00            1.89                  0.06           0         3         2              2                      0              1            1                1      20.00   100.00  5.56   5.56    0.44          0.22       1.09      7.66       0.88      1.02         1.31      1.53         2.48      0.22
  JukeOfEarl      4.6   0         1      4    41      3     7        0     2        8     2              14     35       0       14           423 0.29  14.29    25.00       4       2   0      10.25            0.00                  0.02           1         1         0              0                      0              0            0                0      25.00     0.00  0.00   0.00    0.00          0.22       0.87      8.91       0.65      1.52         0.00      0.43         1.74      0.43
      Junoon    158.9  -2        26    261  1576    229   285      216   264      877    33             278   1865     173      766          4962 0.93  11.87     9.96      56      48   6       6.04            4.06                  0.18          13        79        29              7                      1             66           12               82      30.27    24.14 30.56  37.96   -0.01          0.16       1.64      9.92       1.44      1.79         1.36      1.66         5.52      0.21
       karma     40.0  -5         3     56   260     53    67       53    59      353    11              70    498      35      203          1083 0.88  15.71     5.36      14       6   0       4.64            6.66                  0.33           2        26        10              2                      2             22            3               23      46.43    20.00 41.51  43.40   -0.12          0.08       1.40      6.50       1.32      1.68         1.32      1.48         8.82      0.28
  Kei Yonagi    147.0  13        24    258  1174    233   270      134   168      408    26             258   1940     175      801          4455 0.62  10.08     9.30      37      34   1       4.55            3.04                  0.09           5        94        30              8                      1             34           12               43      36.43    26.67 25.37  32.09    0.09          0.16       1.76      7.99       1.59      1.84         0.91      1.14         2.78      0.18
  KING KRULE     32.0  -5         6     42   287     36    49       36    45      125     6              56    392      55      163          1202 0.92  10.71    14.29      13       9   0       6.83            3.47                  0.10           1        11         4              2                      0              9            1               16      26.19    50.00 25.00  44.44   -0.16          0.19       1.31      8.97       1.12      1.53         1.12      1.41         3.91      0.19
    kmichael     87.8   0         7     91   551     84   116       85   111      529    30             168    899     115      373          2914 0.96  17.86     7.69      32      26   0       6.05            6.22                  0.18           4        25        10              3                      1             26            5               32      27.47    30.00 30.59  37.65    0.00          0.08       1.04      6.28       0.96      1.32         0.97      1.26         6.03      0.34
     knight_    148.3   5        21    173  1379    149   188      148   177      675    22             263   1568     100      636          5176 0.94   8.37    12.14      39      29   3       7.97            4.56                  0.13          14        42        13              3                      3             45            3               55      24.28    23.08 30.41  37.16    0.03          0.14       1.17      9.30       1.00      1.27         1.00      1.19         4.55      0.15
         KOB     16.9   1         2     21   220     19    27       26    30       66     4              28    204      10       82           726 1.11  14.29     9.52       8       4   0      10.48            2.54                  0.09           5         6         3              1                      0              5            2               12      28.57    33.33 19.23  46.15    0.06          0.12       1.24     13.02       1.12      1.60         1.54      1.78         3.91      0.24
    kutrebar     50.8   9        13     82   606     68    85       38    39      260    14              96    550      45      225          1590 0.46  14.58    15.85      17       1   1       7.39            6.84                  0.16           7        25         7              2                      1             11            2               12      30.49    28.57 28.95  31.58    0.18          0.26       1.61     11.93       1.34      1.67         0.75      0.77         5.12      0.28
        kwib     23.5   0         2     22   142     20    30       36    36      261     5              47    279      55      119           823 1.20  10.64     9.09      10       0   0       6.45            7.25                  0.32           1         8         4              3                      0             17            2               20      36.36    75.00 47.22  55.56    0.00          0.09       0.94      6.04       0.85      1.28         1.53      1.53        11.11      0.21
kyri swirvin     18.4  -2         1     24   134     23    24       26    27      156     0              32    232      20       96           620 1.12   0.00     4.17       1       1   0       5.58            6.00                  0.25           0         7         4              2                      0             11            3               13      29.17    50.00 42.31  50.00   -0.11          0.05       1.30      7.28       1.25      1.30         1.41      1.47         8.48      0.00
   LiddiLidd     83.0   0         9     78   520     69    88       98   120      799    14             152    758      40      304          2908 1.36   9.21    11.54      19      22   0       6.67            8.15                  0.27           5        19        16              9                      0             29            7               33      24.36    56.25 29.59  33.67    0.00          0.11       0.94      6.27       0.83      1.06         1.18      1.45         9.63      0.17
       Light     50.4 -11         9     95   608     86   101       37    40      212     2              88    681      55      277          1619 0.40   2.27     9.47      15       3   0       6.40            5.73                  0.13           7        29         7              0                      1             11            0               13      30.53     0.00 29.73  35.14   -0.22          0.18       1.88     12.06       1.71      2.00         0.73      0.79         4.21      0.04
      lizzey     97.8  -6        10    115   965    105   140      129   157      639    25             193    921     159      387          3372 1.12  12.95     8.70      35      28   0       8.39            4.95                  0.19          12        25        13              4                      0             42            5               45      21.74    30.77 32.56  34.88   -0.06          0.10       1.18      9.87       1.07      1.43         1.32      1.61         6.53      0.26
   local cow      8.0   1         0      9    57      9    13       13    14       89     0              14     96      15       41           252 1.08   0.00     0.00       4       1   0       6.33            6.85                  0.35           0         2         0              0                      0              5            0                4      22.22     0.00 38.46  30.77    0.12          0.00       1.12      7.12       1.12      1.62         1.62      1.75        11.12      0.00
 LogisticMap     82.2 -16         3     69   346     66    90      106   125      925    23             147    776      60      316          2614 1.39  15.65     4.35      24      19   0       5.01            8.73                  0.35           1        21         8              4                      0             43            6               51      30.43    50.00 40.57  48.11   -0.19          0.04       0.84      4.21       0.80      1.09         1.29      1.52        11.25      0.28
 LOWTIERBALL      0.9   0         0      3     7      3     3        0     0        5     0               0     15       0        6            29 0.00   0.00     0.00       0       0   0       2.33            0.00                  0.17           0         2         1              1                      0              0            0                0      66.67   100.00  0.00   0.00    0.00          0.00       3.33      7.78       3.33      3.33         0.00      0.00         5.56      0.00
   Maelstrom     16.0  -2         4     24   207     20    21       16    21       48     3              28    159       0       62           538 1.00  10.71    16.67       1       5   0       8.62            3.00                  0.09           4         5         1              0                      0              2            1                3      20.83     0.00 12.50  18.75   -0.12          0.25       1.50     12.94       1.25      1.31         1.00      1.31         3.00      0.19
MarcusYallow     33.0   1         5     51   336     46    69       29    31       69     2              62    412      10      164          1357 0.45   3.23     9.80      23       2   0       6.59            2.38                  0.05           3        12         7              4                      0              7            4               13      23.53    57.14 24.14  44.83    0.03          0.15       1.55     10.18       1.39      2.09         0.88      0.94         2.09      0.06
   Marijuana     87.3 -13         5    120   750    114   145       87   101      492    20             168    893      40      358          3181 0.70  11.90     4.17      31      14   1       6.25            5.66                  0.15           5        27         9              2                      1             16            3               23      22.50    22.22 18.39  26.44   -0.15          0.06       1.37      8.59       1.31      1.66         1.00      1.16         5.64      0.23
          mc     59.1  11         8     74   560     63    79       72    90      321    17             104    663      40      268          2254 1.14  16.35    10.81      16      18   3       7.57            4.46                  0.14           7        17        11              5                      0             24            4               21      22.97    45.45 33.33  29.17    0.19          0.14       1.25      9.48       1.07      1.34         1.22      1.52         5.43      0.29
     memnite      0.3   0         0      0     0      0     0        0     0        4     0               0      0       0        0            26 0.00   0.00     0.00       0       0   0       0.00            0.00                  0.15           0         0         0              0                      0              0            0                0       0.00     0.00  0.00   0.00    0.00          0.00       0.00      0.00       0.00      0.00         0.00      0.00        13.33      0.00
      meowza     32.0  -4         4     47   260     42    51       43    57      296     8              56    327      10      130           909 1.12  14.29     8.51       9      14   1       5.53            6.88                  0.33           3        15         7              2                      1             22            4               23      31.91    28.57 51.16  53.49   -0.12          0.12       1.47      8.12       1.31      1.59         1.34      1.78         9.25      0.25
       Messi     59.2   3         9    107   518     97   119       51    65      262    12             102    771     105      323          1700 0.55  11.76     8.41      22      14   1       4.84            5.14                  0.15           1        39        12              2                      1             13            4               22      36.45    16.67 25.49  43.14    0.05          0.15       1.81      8.75       1.64      2.01         0.86      1.10         4.43      0.20
   metalhead    131.5 -16        14    172   938    157   216      144   178      759    31             225   1309     237      561          5416 0.82  13.78     8.14      59      34   1       5.45            5.27                  0.14           3        46        19              6                      2             41           11               51      26.74    31.58 28.47  35.42   -0.12          0.11       1.31      7.13       1.19      1.64         1.10      1.35         5.77      0.24
       Milky      0.9   0         0      0     0      0     0        3     3       33     0               0      0       0        0            16 0.00   0.00     0.00       0       0   0       0.00           11.00                  2.06           0         0         0              0                      0              2            0                3       0.00     0.00 66.67 100.00    0.00          0.00       0.00      0.00       0.00      0.00         3.33      3.33        36.67      0.00
    my fault     13.6   5         4     20   190     16    20        9    12       45     5              29    117      10       48           518 0.60  17.24    20.00       4       3   0       9.50            5.00                  0.09           2         7         2              2                      0              4            0                4      35.00   100.00 44.44  44.44    0.37          0.29       1.47     13.97       1.18      1.47         0.66      0.88         3.31      0.37
      Mystic     31.4  -4         1     36   297     35    44       36    42      160     4              56    341      85      149          1161 0.95   7.14     2.78       9       6   0       8.25            4.44                  0.14           4         4         6              2                      0              9            2               10      11.11    33.33 25.00  27.78   -0.13          0.03       1.15      9.46       1.11      1.40         1.15      1.34         5.10      0.13
    NameLEss     40.2   8         3     33   282     30    36       62    67      461     8              72    312      23      126          1099 1.86  11.11     9.09       6       5   0       8.55            7.44                  0.42           2         6         3              2                      0             24            4               29      18.18    66.67 38.71  46.77    0.20          0.07       0.82      7.01       0.75      0.90         1.54      1.67        11.47      0.20
         nej     20.2   3         2     31   251     27    33       27    30       91     4              32    160      15       67           862 0.91  12.50     6.45       6       3   2       8.10            3.37                  0.11           3         6         5              3                      0              7            2                9      19.35    60.00 25.93  33.33    0.15          0.10       1.53     12.43       1.34      1.63         1.34      1.49         4.50      0.20
   nightball     17.8   1         1     14    59     13    21       27    29      134     1              28    153      45       69           700 1.38   3.57     7.14       8       2   0       4.21            4.96                  0.19           0         5         3              3                      0              5            3                8      35.71   100.00 18.52  29.63    0.06          0.06       0.79      3.31       0.73      1.18         1.52      1.63         7.53      0.06
       Nilus     84.8   2        10     99   644     89   127      102   113      834    14             148    807      20      322          2812 0.89   9.46    10.10      38      11   0       6.51            8.18                  0.30           7        34        10              6                      2             40            4               51      34.34    60.00 39.22  50.00    0.02          0.12       1.17      7.59       1.05      1.50         1.20      1.33         9.83      0.17
   o o l e r     16.5  -3         0     20    95     20    29       22    33      142     5              30    237      35       99           625 1.14  16.67     0.00       9      11   0       4.75            6.45                  0.23           1         7         4              1                      0              5            1                6      35.00    25.00 22.73  27.27   -0.18          0.00       1.21      5.76       1.21      1.76         1.33      2.00         8.61      0.30
  ObliqueOwl     42.3   0         9     67   521     56    67       46    55      208     7              72    481      43      198          1416 0.82   9.72    13.43      11       9   2       7.78            4.52                  0.15           7        19         8              3                      0             12            5               12      28.36    37.50 26.09  26.09    0.00          0.21       1.58     12.32       1.32      1.58         1.09      1.30         4.92      0.17
      OD GOD      8.0  -1         0     12    42     12    13        9    18       33     2              14     66       0       26           228 1.38  14.29     0.00       1       9   0       3.50            3.67                  0.14           0         5         1              1                      0              4            1                5      41.67   100.00 44.44  55.56   -0.12          0.00       1.50      5.25       1.50      1.62         1.12      2.25         4.12      0.25
oh no snakes      8.0   1         4     12    66      8    10       10    21       54     3              14     75      32       36           252 2.10  21.43    33.33       2      11   0       5.50            5.40                  0.21           0         3         2              0                      0              3            0                3      25.00     0.00 30.00  30.00    0.12          0.50       1.50      8.25       1.00      1.25         1.25      2.62         6.75      0.38
        omni     25.6  -1         2     37   304     34    43       25    26       94     5              46    345       5      135           978 0.60  10.87     5.41       9       1   1       8.22            3.76                  0.10           4         7         3              0                      0              7            3                8      18.92     0.00 28.00  32.00   -0.04          0.08       1.45     11.88       1.33      1.68         0.98      1.02         3.67      0.20
  PenFifteen     32.2   4         1     26   179     25    42       35    45      343    13              66    345      10      136          1038 1.07  19.70     3.85      17      10   0       6.88            9.80                  0.33           2         5         4              1                      0             13            0               15      19.23    25.00 37.14  42.86    0.12          0.03       0.81      5.56       0.78      1.30         1.09      1.40        10.65      0.40
 Penis Wings     40.0  -2         5     58   342     52    67       42    60      193    16              70    484      15      193          1412 0.90  22.86     8.62      15      18   1       5.90            4.60                  0.14           4        14         6              2                      0             10            1               11      24.14    33.33 23.81  26.19   -0.05          0.12       1.45      8.55       1.30      1.68         1.05      1.50         4.82      0.40
        Pimp      8.1   1         0     10    81     10    10       11    15       26     4              14     82       0       32           337 1.50  28.57     0.00       0       4   0       8.10            2.36                  0.08           0         3         2              2                      0              1            0                2      30.00   100.00  9.09  18.18    0.12          0.00       1.23     10.00       1.23      1.23         1.36      1.85         3.21      0.49
  Poeticalto      8.0   4         1     10    78      9     9       14    14       91     3              14     87      10       36           269 1.56  21.43    10.00       0       0   0       7.80            6.50                  0.34           0         2         0              0                      0              5            0                5      20.00     0.00 35.71  35.71    0.50          0.12       1.25      9.75       1.12      1.12         1.75      1.75        11.38      0.38
      poobie     27.8  -8         4     64   354     59    65       18    21       46     2              51    433      20      174           957 0.32   3.92     6.25       6       3   1       5.53            2.56                  0.05           5        16         7              3                      0              5            2                5      25.00    42.86 27.78  27.78   -0.29          0.14       2.30     12.73       2.12      2.34         0.65      0.76         1.65      0.07
       Porps     24.0 -11         0     25   154     25    34       30    36      340     1              42    241      35      103           816 1.06   2.38     0.00       9       6   0       6.16           11.33                  0.42           2         6         6              0                      0             15            1               18      24.00     0.00 50.00  60.00   -0.46          0.00       1.04      6.42       1.04      1.42         1.25      1.50        14.17      0.04
PotatoPotato     21.6  10         3     35   265     32    39       20    25       48     6              38    247      25      101           808 0.64  15.79     8.57       7       5   0       7.57            2.40                  0.06           2         6         2              1                      0              7            4                6      17.14    50.00 35.00  30.00    0.46          0.14       1.62     12.27       1.48      1.81         0.93      1.16         2.22      0.28
    PuyoPuyo    100.1   2        10    141  1200    128   155      103   108      398     7             170    931      67      379          4196 0.70   4.12     7.09      27       5   3       8.51            3.86                  0.09          11        25        15              9                      1             20            2               29      17.73    60.00 19.42  28.16    0.02          0.10       1.41     11.99       1.28      1.55         1.03      1.08         3.98      0.07
    Rascasse     64.0   4         2     42   295     40    84       87   101      516    20             113    453     100      198          2561 1.20  17.70     4.76      44      14   0       7.02            5.93                  0.20           1         7         1              0                      0             33            8               40      16.67     0.00 37.93  45.98    0.06          0.03       0.66      4.61       0.62      1.31         1.36      1.58         8.06      0.31
          rc     46.9 -18         6     66   328     60    84       42    48      192    13              92    486      25      195          1675 0.57  14.13     9.09      24       6   0       4.97            4.57                  0.11           1        24         9              4                      0             14            0               13      36.36    44.44 33.33  30.95   -0.38          0.13       1.41      6.99       1.28      1.79         0.90      1.02         4.09      0.28
  rizzmaster      0.2   0         0      0     0      0     0        0     0        5     0               0      0       0        0             1 0.00   0.00     0.00       0       0   0       0.00            0.00                  5.00           0         0         0              0                      0              0            0                0       0.00     0.00  0.00   0.00    0.00          0.00       0.00      0.00       0.00      0.00         0.00      0.00        25.00      0.00
    ROBOPOP_     24.5   2         3     38   177     35    43       28    39       60     8              44    247      20      100           884 0.91  18.18     7.89       8      11   0       4.66            2.14                  0.07           0        14         5              1                      0              5            1                6      36.84    20.00 17.86  21.43    0.08          0.12       1.55      7.22       1.43      1.76         1.14      1.59         2.45      0.33
rollingstone     46.1   1         6     92   503     85    95       25    42       28    19              82    550      20      220          1955 0.44  23.17     6.52      10      17   1       5.47            1.12                  0.01           2        21         8              4                      0              4            0                6      22.83    50.00 16.00  24.00    0.02          0.13       2.00     10.91       1.84      2.06         0.54      0.91         0.61      0.41
        RoVo     16.2  -3         5     25   163     19    27       22    35       85     5              28    184      35       79           601 1.30  17.86    20.00       8      13   1       6.52            3.86                  0.14           1         2         0              0                      1              2            0                2       8.00     0.00  9.09   9.09   -0.19          0.31       1.54     10.06       1.17      1.67         1.36      2.16         5.25      0.31
       Roxas    105.8  10        13    125   795    110   144      112   136      914    21             186   1142      93      466          3360 0.94  11.29    10.40      34      24   2       6.36            8.16                  0.27           6        32        15              6                      3             28            3               36      25.60    40.00 25.00  32.14    0.09          0.12       1.18      7.51       1.04      1.36         1.06      1.29         8.64      0.20
       Rudey      8.9   1         4     11    70      7    14       11    11      106     0              14     76       0       30           271 0.79   0.00    36.36       7       0   0       6.36            9.64                  0.39           1         4         1              1                      1              9            0                8      36.36   100.00 81.82  72.73    0.11          0.45       1.24      7.87       0.79      1.57         1.24      1.24        11.91      0.00
 scottyD 123      7.9   5         4     12   103      8     9       10    11       51     0              14     55      20       26           267 1.22   0.00    33.33       1       1   0       8.58            5.10                  0.19           0         2         1              0                      1              3            1                4      16.67     0.00 30.00  40.00    0.63          0.51       1.52     13.04       1.01      1.14         1.27      1.39         6.46      0.00
   Sick Fuck      5.6  -5         1      9    46      8    11        4     7       31     1              10     90      25       41           227 0.64  10.00    11.11       3       3   0       5.11            7.75                  0.14           0         3         1              0                      0              2            0                1      33.33     0.00 50.00  25.00   -0.89          0.18       1.61      8.21       1.43      1.96         0.71      1.25         5.54      0.18
        sieh     15.6  -8         2     29   124     26    27       14    19       63     2              28    247       5       99           564 0.70   7.14     6.90       1       5   1       4.28            4.50                  0.11           0         9         4              0                      0              3            0                4      31.03     0.00 21.43  28.57   -0.51          0.13       1.86      7.95       1.67      1.73         0.90      1.22         4.04      0.13
   SilentOne      8.8  -1         1     17    80     16    19       14    15       40     2              14    107      15       45           358 0.79  14.29     5.88       3       1   0       4.71            2.86                  0.11           0         6         1              1                      0              6            0                5      35.29   100.00 42.86  35.71   -0.11          0.11       1.93      9.09       1.82      2.16         1.59      1.70         4.55      0.23
     Sinatra      5.9   5         0      4    13      4     6        9    10       62     0              10     40       0       16           215 1.67   0.00     0.00       2       1   0       3.25            6.89                  0.29           0         1         0              0                      0              3            1                5      25.00     0.00 33.33  55.56    0.85          0.00       0.68      2.20       0.68      1.02         1.53      1.69        10.51      0.00
Sir Cle Jerk     93.1 -14         8    103   830     94   122       74    92      555    19             171    923      84      378          3275 0.75  11.11     7.77      28      18   1       8.06            7.50                  0.17           8        28        10              3                      2             20            2               25      27.18    30.00 27.03  33.78   -0.15          0.09       1.11      8.92       1.01      1.31         0.79      0.99         5.96      0.20
    skibbity     70.2   3        10     89   574     79   113       71    80      433    20             133    822      45      331          2437 0.71  15.04    11.24      34       9   0       6.45            6.10                  0.18           4        24        10              4                      0             24            6               27      26.97    40.00 33.80  38.03    0.04          0.14       1.27      8.18       1.13      1.61         1.01      1.14         6.17      0.28
  SmallyBigs     17.7  11         3     17    85     14    18       28    33      278     2              30    213      10       84           397 1.83   6.67    17.65       4       5   0       5.00            9.93                  0.70           0         3         2              0                      1             12            1               14      17.65     0.00 42.86  50.00    0.62          0.17       0.96      4.80       0.79      1.02         1.58      1.86        15.71      0.11
      smoji_     11.4  -6         1      8    18      7    13       18    20      160     1              20    102      23       44           374 1.54   5.00    12.50       6       2   0       2.25            8.89                  0.43           0         3         1              0                      0              6            0                5      37.50     0.00 33.33  27.78   -0.53          0.09       0.70      1.58       0.61      1.14         1.58      1.75        14.04      0.09
   snaxolotl      8.3   1         3     16   153     13    14        7     8        6     2              16    103      15       43           349 0.57  12.50    18.75       1       1   0       9.56            0.86                  0.02           2         3         2              2                      1              1            1                1      18.75   100.00 14.29  14.29    0.12          0.36       1.93     18.43       1.57      1.69         0.84      0.96         0.72      0.24
 Some Boat 1     16.0   3         3     21   164     18    25       18    28      116     5              28     90      25       41           504 1.12  17.86    14.29       7      10   0       7.81            6.44                  0.23           2         5         2              0                      1             10            2                9      23.81     0.00 55.56  50.00    0.19          0.19       1.31     10.25       1.12      1.56         1.12      1.75         7.25      0.31
  SomeBall41     36.6  -5         5     45   355     40    51       71    71      312     1              64    338      35      141          1443 1.39   1.56    11.11      11       0   0       7.89            4.39                  0.22           1        13         7              3                      0             24            1               28      28.89    42.86 33.80  39.44   -0.14          0.14       1.23      9.70       1.09      1.39         1.94      1.94         8.52      0.03
   SoulSauce     27.7   4         3     39   350     34    39       16    19       57     3              44    255      10      100          1131 0.49   6.82     7.69       5       3   2       8.97            3.56                  0.05           3         9         4              3                      0              3            1                5      23.08    75.00 18.75  31.25    0.14          0.11       1.41     12.64       1.23      1.41         0.58      0.69         2.06      0.11
Sphero Agnew     16.4  -1         2     18    98     15    18       29    30       84     2              30    141       5       55           647 1.67   6.67    11.11       3       1   1       5.44            2.90                  0.13           0         4         2              2                      0              5            1               11      22.22   100.00 17.24  37.93   -0.06          0.12       1.10      5.98       0.91      1.10         1.77      1.83         5.12      0.12
      Squeeb     32.9   5         9     37   338     26    36       50    62      211    14              56    362      27      147          1332 1.72  25.00    24.32      10      12   2       9.14            4.22                  0.16           2         7         2              1                      1             11            3               13      18.92    50.00 22.00  26.00    0.15          0.27       1.12     10.27       0.79      1.09         1.52      1.88         6.41      0.43
      Squish     70.6   4         6     77   490     68   106       59    64      198    12             137    643      30      256          2715 0.60   8.76     7.79      38       5   3       6.36            3.36                  0.07           3        21         8              5                      1             15            2               17      27.27    62.50 25.42  28.81    0.06          0.08       1.09      6.94       0.96      1.50         0.84      0.91         2.80      0.17
supergremlin     51.0   2         6     47   364     40    61       74    80      361     5              87    385      52      162          1980 1.31   5.75    12.77      21       6   1       7.74            4.88                  0.18           2         9         6              2                      1             28            4               32      19.15    33.33 37.84  43.24    0.04          0.12       0.92      7.14       0.78      1.20         1.45      1.57         7.08      0.10
SuperPoopman     13.7  -4         1     16    87     15    22       15    15       61     2              26    123       5       49           591 0.68   7.69     6.25       7       0   0       5.44            4.07                  0.10           0         5         3              2                      1              2            2                5      31.25    66.67 13.33  33.33   -0.29          0.07       1.17      6.35       1.09      1.61         1.09      1.09         4.45      0.15
        Sway     13.5 -10         2     20   112     18    26       11    15       52     0              24    191      18       79           534 0.58   0.00    10.00       8       4   0       5.60            4.73                  0.10           1         3         1              0                      0              4            1                4      15.00     0.00 36.36  36.36   -0.74          0.15       1.48      8.30       1.33      1.93         0.81      1.11         3.85      0.00
      Swully      8.1  -5         0     14    91     14    18        9    11       13     2              14     83      15       35           308 0.61  14.29     0.00       4       2   0       6.50            1.44                  0.04           0         3         2              2                      0              3            1                4      21.43   100.00 33.33  44.44   -0.62          0.00       1.73     11.23       1.73      2.22         1.11      1.36         1.60      0.25
T.Bomballdil      0.3   0         0      0     0      0     0        0     0        0     0               0      0       0        0            23 0.00   0.00     0.00       0       0   0       0.00            0.00                  0.00           0         0         0              0                      0              0            0                0       0.00     0.00  0.00   0.00    0.00          0.00       0.00      0.00       0.00      0.00         0.00      0.00         0.00      0.00
   taskforce      0.9   0         0      0     0      0     0        0     0       12     0               0      0       0        0            34 0.00   0.00     0.00       0       0   0       0.00            0.00                  0.35           0         0         0              0                      0              0            0                0       0.00     0.00  0.00   0.00    0.00          0.00       0.00      0.00       0.00      0.00         0.00      0.00        13.33      0.00
      Taurus      5.3   5         0      2    19      2     6       19    20       94     2              10     10       5        5           160 3.33  20.00     0.00       4       1   0       9.50            4.95                  0.59           0         0         0              0                      0             13            2               14       0.00     0.00 68.42  73.68    0.94          0.00       0.38      3.58       0.38      1.13         3.58      3.77        17.74      0.38
 TERROR NUGS      9.2   3         0      7    66      7     8       18    20       61     2              14     68      25       31           337 2.50  14.29     0.00       1       2   0       9.43            3.39                  0.18           1         0         0              0                      0             10            1                9       0.00     0.00 55.56  50.00    0.33          0.00       0.76      7.17       0.76      0.87         1.96      2.17         6.63      0.22
  TestTickle     17.9  -5         0     22   243     21    29       15    29       12     6              28    127      25       55           798 1.00  21.43     0.00       8      14   1      11.05            0.80                  0.02           3         2         2              0                      0              3            0                4       9.09     0.00 20.00  26.67   -0.28          0.00       1.23     13.58       1.17      1.62         0.84      1.62         0.67      0.34
    tha king     33.6  -6         2     30   267     28    34       39    46      310     6              60    374      40      154          1124 1.35  10.00     6.67       6       7   0       8.90            7.95                  0.28           3         8         5              1                      1              8            2                6      26.67    20.00 20.51  15.38   -0.18          0.06       0.89      7.95       0.83      1.01         1.16      1.37         9.23      0.18
        TheG      2.0   4         0      0     0      0     0        2     3       36     1               2     25       0       10            41 0.00  50.00     0.00       0       1   0       0.00           18.00                  0.88           0         0         0              0                      0              1            0                1       0.00     0.00 50.00  50.00    2.00          0.00       0.00      0.00       0.00      0.00         1.00      1.50        18.00      0.50
   Therapist      8.0  -3         1     19    92     18    19       11    11       38     0              14     99       0       38           250 0.58   0.00     5.26       1       0   0       4.84            3.45                  0.15           0         6         1              0                      0              2            0                3      31.58     0.00 18.18  27.27   -0.38          0.12       2.38     11.50       2.25      2.38         1.38      1.38         4.75      0.00
TheYoungWolf     66.0   2        11    103   524     92   114       48    54      410    12             126    785      65      321          2269 0.47   9.52    10.68      22       6   0       5.09            8.54                  0.18           1        25        12              4                      1             11            3               15      24.27    33.33 22.92  31.25    0.03          0.17       1.56      7.94       1.39      1.73         0.73      0.82         6.21      0.18
       Toidi      8.8   0         1      5    36      4     6        8    15       94     4              16     50       0       20           305 2.50  25.00    20.00       2       7   0       7.20           11.75                  0.31           0         1         1              0                      0              3            0                4      20.00     0.00 37.50  50.00    0.00          0.11       0.57      4.09       0.45      0.68         0.91      1.70        10.68      0.45
       toppy      0.0   0         0      0     0      0     0        0     0        0     0              14      0       0        0           189 0.00   0.00     0.00       0       0   0       0.00            0.00                  0.00           0         0         0              0                      0              0            0                0       0.00     0.00  0.00   0.00    0.00          0.00       0.00      0.00       0.00      0.00         0.00      0.00         0.00      0.00
        umad     61.7  -9         4    109   791    105   126       55    63      131     5             107    746      60      306          2317 0.50   4.67     3.67      21       8   0       7.26            2.38                  0.06           8        31        12              4                      0             11            1               14      28.44    33.33 20.00  25.45   -0.15          0.06       1.77     12.82       1.70      2.04         0.89      1.02         2.12      0.08
       UNlTY      8.4   1         1     19   141     18    18       10    10        6     0              16    110       0       44           290 0.56   0.00     5.26       0       0   0       7.42            0.60                  0.02           1         3         1              0                      0              1            2                2      15.79     0.00 10.00  20.00    0.12          0.12       2.26     16.79       2.14      2.14         1.19      1.19         0.71      0.00
     Vedic D     16.0   4         1     17   224     16    24       19    29       42     5              28    158      20       66           703 1.21  17.86     5.88       8      10   0      13.18            2.21                  0.06           4         4         1              0                      0              3            0                7      23.53     0.00 15.79  36.84    0.25          0.06       1.06     14.00       1.00      1.50         1.19      1.81         2.62      0.31
         xcv     53.7  -9         7     63   558     54    62       48    60      359    16              94    568      60      234          1946 0.97  17.02    11.11       8      12   2       8.86            7.48                  0.18           5        12         3              1                      1             15            2               17      19.05    33.33 31.25  35.42   -0.17          0.13       1.17     10.39       1.01      1.15         0.89      1.12         6.69      0.30
        yawn      8.0  -2         0      6    30      6     9        9    17       77     2              14     61       0       24           258 1.89  14.29     0.00       3       8   0       5.00            8.56                  0.30           0         2         1              0                      0              4            0                4      33.33     0.00 44.44  44.44   -0.25          0.00       0.75      3.75       0.75      1.12         1.12      2.12         9.62      0.25
        yiss     16.9   0         2     13    66     11    18       29    29      195     1              30    141      20       60           535 1.61   3.33    15.38       7       0   0       5.08            6.72                  0.36           0         3         2              0                      1              7            1                9      23.08     0.00 24.14  31.03    0.00          0.12       0.77      3.91       0.65      1.07         1.72      1.72        11.54      0.06
        Zig!      8.0   3         0      2    20      2     8       15    16       62     1              14     73      23       32           328 2.00   7.14     0.00       6       1   0      10.00            4.13                  0.19           0         0         0              0                      0              2            0                2       0.00     0.00 13.33  13.33    0.38          0.00       0.25      2.50       0.25      1.00         1.88      2.00         7.75      0.12
Zoltan Mesko     17.7   6         2     18   121     16    22       27    27      242     5              28    192      53       84           514 1.23  17.86    11.11       6       0   0       6.72            8.96                  0.47           0         5         2              2                      0             10            5               11      27.78   100.00 37.04  40.74    0.34          0.11       1.02      6.84       0.90      1.24         1.53      1.53        13.67      0.28
||||||||||||    152.5  21        32    273  1590    240   297      177   213      298    29             268   1916      95      771          4542 0.72  10.82    11.72      57      36   1       5.82            1.68                  0.07          11        77        35             13                      2             31           16               46      28.21    37.14 17.51  25.99    0.14          0.21       1.79     10.43       1.57      1.95         1.16      1.40         1.95      0.19
           ~     24.0  -4         0     22   102     21    28       55    59      284     4              42    214      24       86           657 2.11   9.52     0.00       7       4   1       4.64            5.16                  0.43           0         8         6              1                      0             23            6               25      36.36    16.67 41.82  45.45   -0.17          0.00       0.92      4.25       0.88      1.17         2.29      2.46        11.83      0.17