      Player  Minutes  CD  Captures  Grabs  Hold  Drops  Pops  Returns  Tags  Prevent  Pups  Pups Available  Block  Button  Support  Hold Against  K/D  Pup %  Score %  NDPops  NRTags  KF  Hold/Grab  Prevent/Return  Prevent/Hold Against  Long Holds  Flaccids  Handoffs  Good Handoffs  Captures off Handoffs  Quick Returns  Key Returns  Returns in Base  Flaccid %  Chain %  QR %  RIB %  CD/Min  Captures/Min  Grabs/Min  Hold/Min  Drops/Min  Pops/Min  Returns/Min  Tags/Min  Prevent/Min  Pups/Min
   AdmaniaYT      8.3   1         0     12   139     12    12       10    10       52     5              24    127       0       50           299 0.83  20.83     0.00       0       0   0      11.58            5.20                  0.17           1         1         0              0                      0              3            1                2       8.33     0.00 30.00  20.00    0.12          0.00       1.45     16.75       1.45      1.45         1.20      1.20         6.27      0.60
  ADVICE MAN      6.9   5         1     10   106      9    10       11    11       24     2              12     67       0       26           230 1.10  16.67    10.00       1       0   0      10.60            2.18                  0.10           1         1         2              2                      1              1            1                3      10.00   100.00  9.09  27.27    0.72          0.14       1.45     15.36       1.30      1.45         1.59      1.59         3.48      0.29
        beez      6.9  -5         0      6    48      6     8        7    10       22     4              12     57       0       22           287 1.25  33.33     0.00       2       3   0       8.00            3.14                  0.08           0         1         0              0                      0              0            0                1      16.67     0.00  0.00  14.29   -0.72          0.00       0.87      6.96       0.87      1.16         1.01      1.45         3.19      0.58
    cantstop      5.7  -5         0      5    36      5     8        5     8       31     1              10     15       0        6           250 1.00  10.00     0.00       3       3   0       7.20            6.20                  0.12           0         1         0              0                      0              2            0                2      20.00     0.00 40.00  40.00   -0.88          0.00       0.88      6.32       0.88      1.40         0.88      1.40         5.44      0.18
 CoffeeSnoot      6.9  -5         1     14    94     13    13        4     4        6     0              12     80       0       32           287 0.31   0.00     7.14       0       0   0       6.71            1.50                  0.02           1         3         0              0                      0              0            0                0      21.43     0.00  0.00   0.00   -0.72          0.14       2.03     13.62       1.88      1.88         0.58      0.58         0.87      0.00
          FL     22.4  -5         1     17   146     16    22       33    38      223     5              50    231      10       94           798 1.73  10.00     5.88       6       5   0       8.59            6.76                  0.28           2         3         0              0                      0              7            0               14      17.65     0.00 21.21  42.42   -0.22          0.04       0.76      6.52       0.71      0.98         1.47      1.70         9.96      0.22
     FlyingV     13.1  10         0     22   184     22    24       17    17       63     1              24    188      15       77           493 0.71   4.17     0.00       2       0   0       8.36            3.71                  0.13           3         6         0              0                      0              6            3                7      27.27     0.00 35.29  41.18    0.76          0.00       1.68     14.05       1.68      1.83         1.30      1.30         4.81      0.08
    G.O.A.T.     29.8  12         5     35   265     30    38       45    53      201     8              64    317      20      128          1079 1.39  12.50    14.29       8       8   0       7.57            4.47                  0.19           3         9         5              1                      0             11            2               17      25.71    20.00 24.44  37.78    0.40          0.17       1.17      8.89       1.01      1.28         1.51      1.78         6.74      0.27
   greenfish      6.9   5         3      8    47      5     6        6     6       77     0              12     78       0       30           230 1.00   0.00    37.50       1       0   0       5.88           12.83                  0.33           0         1         0              0                      0              2            0                2      12.50     0.00 33.33  33.33    0.72          0.43       1.16      6.81       0.72      0.87         0.87      0.87        11.16      0.00
  Gvendolino     13.1   0         2     17   137     15    16       16    22      114     4              24    120      20       50           473 1.38  16.67    11.76       1       6   0       8.06            7.12                  0.24           1         3         1              0                      0              7            0                9      17.65     0.00 43.75  56.25    0.00          0.15       1.30     10.46       1.15      1.22         1.22      1.68         8.70      0.31
helprefugees      6.9   5         1      8    86      7     7        7     7       26     3              12     81       0       32           230 1.00  25.00    12.50       0       0   0      10.75            3.71                  0.11           1         1         0              0                      1              2            1                3      12.50     0.00 28.57  42.86    0.72          0.14       1.16     12.46       1.01      1.01         1.01      1.01         3.77      0.43
       JBaay     21.5   9         4     32   183     28    33       44    48       71     9              40    236      15       95           742 1.45  22.50    12.50       5       4   0       5.72            1.61                  0.10           0         7         5              3                      0              9            1                9      21.88    60.00 20.45  20.45    0.42          0.19       1.49      8.51       1.30      1.53         2.05      2.23         3.30      0.42
kyri swirvin      6.9  -5         0      9    47      9     9        8     8       30     0              12     65       0       26           287 0.89   0.00     0.00       0       0   0       5.22            3.75                  0.10           0         1         1              1                      0              2            0                2      11.11   100.00 25.00  25.00   -0.72          0.00       1.30      6.81       1.30      1.30         1.16      1.16         4.35      0.00
praopraoprao      5.7  -5         0      8    32      8    11        2     2       18     2              10     56       0       22           250 0.18  20.00     0.00       3       0   0       4.00            9.00                  0.07           0         4         2              0                      0              1            0                1      50.00     0.00 50.00  50.00   -0.88          0.00       1.40      5.61       1.40      1.93         0.35      0.35         3.16      0.35
        sieh     24.1  -5         0     24   117     24    34       35    40      240    10              54    275      25      115           821 1.18  18.52     0.00      10       5   0       4.88            6.86                  0.29           0         8         4              3                      0             12            0               19      33.33    75.00 34.29  54.29   -0.21          0.00       1.00      4.85       1.00      1.41         1.45      1.66         9.96      0.41
   SilentOne     24.1  -5         0     41   235     41    45       24    28       70     4              54    305      30      124           890 0.62   7.41     0.00       4       4   0       5.73            2.92                  0.08           2        10         3              1                      0              2            0                2      24.39    33.33  8.33   8.33   -0.21          0.00       1.70      9.75       1.70      1.87         1.00      1.16         2.90      0.17
  SmallyBigs      6.9   5         1      9    48      8     9       14    17       73     2              12     77       0       30           230 1.89  16.67    11.11       1       3   0       5.33            5.21                  0.32           0         0         1              1                      0              5            0                6       0.00   100.00 35.71  42.86    0.72          0.14       1.30      6.96       1.16      1.30         2.03      2.46        10.58      0.29
   snackpack      6.9  -5         0     11    41     11    12       10    10       16     1              12     64       0       24           287 0.83   8.33     0.00       1       0   0       3.73            1.60                  0.06           0         5         2              1                      0              1            0                1      45.45    50.00 10.00  10.00   -0.72          0.00       1.59      5.94       1.59      1.74         1.45      1.45         2.32      0.14
   Spheroid.      8.3  -1         0     12    95     12    12       10    13       38     3              24    104       0       40           330 1.08  12.50     0.00       0       3   0       7.92            3.80                  0.12           0         2         1              0                      0              0            0                2      16.67     0.00  0.00  20.00   -0.12          0.00       1.45     11.45       1.45      1.45         1.20      1.57         4.58      0.36
      spills     15.8   4         4     27   191     23    27       12    14       25     3              30    158       5       63           542 0.52  10.00    14.81       4       2   0       7.07            2.08                  0.05           0         3         1              0                      2              2            1                3      11.11     0.00 16.67  25.00    0.25          0.25       1.71     12.09       1.46      1.71         0.76      0.89         1.58      0.19
THESLIGHTEST     16.7   0         2     13    99     11    19       20    23      183     3              40    109       5       43           617 1.21   7.50    15.38       8       3   0       7.62            9.15                  0.30           1         4         1              0                      0              6            1               10      30.77     0.00 30.00  50.00    0.00          0.12       0.78      5.93       0.66      1.14         1.20      1.38        10.96      0.18
        umad     29.8 -10         2     57   322     55    61       25    29       65     6              64    380      30      154          1140 0.48   9.38     3.51       6       4   0       5.65            2.60                  0.06           1        14         6              3                      0              7            0                4      24.56    50.00 28.00  16.00   -0.34          0.07       1.91     10.81       1.85      2.05         0.84      0.97         2.18      0.20